Got 449 articles
25353506 2014 2
25325632 2014 2881
25301578 2014 11
25281946 2014 7
25279638 2014 5
25266953 2014 8
25256431 2014 4
25238345 2014 298
25215983 2014 11
25194276 2014 11
25192938 2014 7
25192083 2014 3
25190795 2014 14
25175398 2014 8
25166659 2013 982
25148344 2014 2
25144271 2014 5
25122388 2014 1
25122138 2014 7
25119658 2014 7
25108686 2014 46
25105618 2014 5
25092034 2014 2
25030169 2014 9
25026461 2014 3
24999984 2014 2
24993331 2014 9
24972200 2014 2899
24967622 2014 3
24961691 2014 1
24946798 2014 5
24904674 2014 10
24892593 2014 6
24880354 2014 3
24878388 2014 8
24877919 2014 7
24870544 2014 9
24860617 2014 7
24858781 2014 3
24853743 2014 3
24839080 2014 5
24819515 2014 3
24805234 2014 26
24797737 2014 10
24797219 2014 7
24784303 2014 4
24781036 2014 3
24776800 2014 40
24770359 2014 7
24724665 2014 3
24702357 2014 2
24670644 2014 64
24658170 2014 9
24655244 2014 2910
24651890 2014 4
24621982 2014 1
24598636 2014 11
24580844 2014 1
24580439 2014 2938
24572352 2014 3
24560753 2014 10
24551071 2014 3
24531471 2014 8
24531466 2014 11
24522533 2014 17
24485691 2014 6
24484035 2014 5
24476260 2013 990
24476258 2013 2927
24476251 2013 5
24474747 2014 4
24444152 2014 1
24419169 2014 8
24392799 2014 5
24386605 2014 6
24385623 2014 1
24365925 2014 4
24349307 2013 5
24329465 2013 12
24329443 2013 943
24329440 2013 4
24327585 2014 9
24321783 2014 7
24320425 2013 6
24288373 2014 4
24270806 2013 8
24229212 2013 3
24188865 2014 7
24128116 2013 6
24116711 2013 3
24104350 2013 2
24101482 2013 4
24101469 2013 6
24089806 2013 3
24074749 2014 1
24036676 2013 7
24033017 2013 2
24033016 2013 2
24032882 2013 4
24032765 2013 4
24009488 2013 4
23996388 2013 4
23971599 2013 3
23971543 2013 2
23952399 2013 4
23918050 2013 10
23902303 2013 2
23829760 2013 3
23823188 2013 2
23822490 2013 3
23742588 2013 11
23687071 2013 2
23679446 2013 3
23658223 2013 7
23630379 2013 1
23590980 2014 5
25167254 2013 994
23567648 2013 2
23535634 2013 6
23519617 2013 2
23496543 2013 4
25166517 2013 3
23368466 2012 4
23368298 2012 3
23349784 2013 14
23277073 2013 2
23254661 2013 4
23215247 2013 3
23215144 2012 3
23144963 2012 7
23139863 2012 3
23076067 2012 1
23073909 2013 6
23060123 2012 8
23030981 2012 2
23030942 2012 7
23030088 2012 3
23009841 2012 1
23005473 2012 3
23005273 2012 2
23005144 2012 3
23004830 2012 3
23003954 2012 6
22964788 2012 10
22964774 2012 8
22916004 2012 2
22853842 2012 7
22823199 2012 7
22807565 2012 2
22807479 2012 3
22762992 2012 5
22738210 2012 3
22722196 2012 29
22673576 2012 2
22567122 2012 3
22540472 2012 4
22495927 2012 5
22463618 2012 6
22463583 2012 5
22400660 2012 1
22400615 2012 4
22387314 2012 2
22347995 2012 3
22305677 2012 6
22243100 2011 4
24958428 2012 6
22181870 2011 4
22181866 2011 2
22181450 2011 3
22107676 2011 4
22107661 2011 7
22074221 2011 2
22060468 2011 2
22060411 2011 3
22037584 2011 2
22026659 2011 8
22022411 2011 3
21966453 2011 4
21956329 2011 3
21929153 2011 7
21880130 2011 5
21838373 2011 4
21813617 2011 3
21797450 2011 4
21771307 2011 5
21656373 2011 4
21609952 2011 7
21517326 2011 6
21514390 2011 8
21504155 2011 6
21405608 2011 3
21405156 2011 5
21374763 2011 1
21346275 2011 9
21334142 2011 13
21290121 2011 4
21251250 2011 3
21244827 2011 4
21230964 2010 3
21230955 2010 5
21230861 2010 3
21230187 2010 1
21188965 2011 4
21188148 2010 5
21177017 2011 6
21154005 2010 4
21029297 2010 2
20976185 2010 4
20975710 2010 8
20934871 2010 6
20932012 2010 6
20877578 2010 5
20866686 2010 3
20866196 2010 5
20624280 2010 3
20526030 2010 4
20507149 2010 9
20484780 2010 7
20481884 2010 6
20467685 2010 9
20462295 2010 2
20441751 2010 10
20412297 2010 2
20402477 2010 2
20385440 2010 1
20369898 2010 3
20366697 2010 3
20366356 2010 2
20366131 2009 3
20364943 2009 2
20303851 2010 4
20201225 2009 1
20192769 2010 3
20173223 2010 7
20164649 2010 3
20071588 2010 3
20059228 2009 3
20016642 2009 3
19997382 2009 1
19905688 2009 3
19842690 2009 9
19808881 2009 3
19796646 2009 4
19792402 2009 3
19759618 2009 14
19740995 2009 5
19720018 2009 5
19689316 2009 2
19654852 2009 7
19654731 2009 3
19593040 2009 6
19571361 2009 4
19559028 2009 5
19541646 2009 6
19518933 2009 2
19486682 2009 4
19486680 2009 5
19482227 2009 3
19461130 2009 3
19411740 2009 5
19405061 2009 10
19399147 2009 5
19395803 2009 10
19391720 2009 2
19369710 2009 6
19324678 2009 4
19299586 2009 2
19285513 2009 2
19257796 2009 3
19199753 2009 9
19150329 2009 3
19140790 2009 10
19113318 2008 3
19026711 2009 2
18954146 2008 2
18825209 2008 3
18767883 2008 3
18764532 2008 6
18720978 2008 5
18658208 2008 3
18643695 2008 2
18623963 2008 3
18619977 2008 3
18566247 2008 20
18493284 2008 2
18433197 2008 2
18414483 2008 3
18386911 2008 4
18352693 2008 4
18352185 2008 10
18352070 2008 2
18085806 2008 7
18039386 2007 3
18035547 2008 7
18020440 2007 3
17961600 2008 3
17930573 2007 6
17930535 2007 10
17928655 2007 5
17827232 2008 3
17704145 2007 3
17637018 2007 5
17632622 2007 2
17557786 2007 2
17512413 2007 4
17500770 2007 3
17498740 2007 3
17497902 2007 2
17443965 2007 3
17367202 2007 3
17358675 2007 2
17337437 2007 5
17296596 2007 4
17293400 2007 2
17280378 2006 3
17280261 2006 3
17280119 2006 4
17146600 2007 5
17026305 2006 5
17024089 2006 7
16982641 2006 6
16920744 2007 9
16876443 2006 2
16829571 2006 3
16803198 2006 5
16802921 2006 3
16684993 2006 4
16500964 2006 5
16383815 2005 3
16307385 2006 5
16299392 2006 11
16241407 2005 4
16218713 2005 4
16208365 2005 12
16204835 2004 2
16159234 2005 2
16090765 2005 2
16090068 2005 4
15994235 2005 2
21690704 2005 2
15925623 2005 4
15904298 2005 2
15904216 2005 53
15697484 2004 5
15670592 2005 7
15565440 2004 3
15565148 2004 5
15549703 2004 3
15524856 2004 2
15524700 2004 3
15447397 2004 53
15356621 2004 50
15324280 2004 5
15297664 2004 18
15169486 2004 3
15089543 2004 2
15089522 2004 2
15074403 2004 3
15032834 2004 3
15030375 2004 5
14754071 2003 5
14611384 2003 2
14604986 2004 4
14525174 2003 3
14525055 2003 3
14524866 2003 4
14524823 2003 5
12935246 2003 1
12869315 2003 4
12786460 2003 3
12786408 2003 3
12688991 2003 59
12665087 2003 1
12636796 2003 3
12636782 2003 3
12636668 2003 3
12574626 2003 2
12513364 2002 4
12496085 2002 5
12366110 2002 5
12366039 2002 23
12202357 2002 3
12190512 2002 2
12190470 2002 3
12059755 2002 2
12059377 2002 2
12005928 2002 4
12005556 2002 58
11970587 1999 2
11970050 1999 3
11969808 1999 2
11969748 1999 1
11969480 1999 1
11910073 2002 1
11909242 2002 3
11909205 2002 2
11909181 2002 2
11876238 2002 4
11690476 2001 7
11580506 2001 4
11580420 2001 3
11531519 2001 54
11531515 2001 51
11415381 2001 20
11415228 2001 3
11414997 2001 1
23345740 2001 3
11308765 2001 2
11308643 2001 2
11289844 2001 2
11268196 2001 7
11178002 2001 4
11177981 2001 4
11099037 2000 3
11089105 2000 2
11088685 2000 2
11088622 2000 2
11088484 2000 1
11082622 2000 2
11019043 2000 3
11017618 2000 3
11005952 2000 2
10991440 2000 3
10991207 2000 26
10990675 2000 6
10818570 2000 1
10737946 2000 3
10542142 1999 4
10480594 1999 5
10359777 1999 3
10338284 1999 2
10065831 NA 4
9765146 1998 7
9388172 1997 13
9380689 1997 1
8953028 1996 7
12780286 1996 2
8895457 1996 11
12780203 1995 1
12780194 1995 3
12780077 1993 2
12780067 1993 4
8044376 1993 5
12780031 1993 1
12779954 1992 3
12779952 1992 1
12779951 1992 2
12779944 1992 1
17841307 1973 1
